   1       0 ram0 0 0 0 0 0 0 0 0 0 0 0
   1       1 ram1 0 0 0 0 0 0 0 0 0 0 0
   1       2 ram2 0 0 0 0 0 0 0 0 0 0 0
   1       3 ram3 0 0 0 0 0 0 0 0 0 0 0
   1       4 ram4 0 0 0 0 0 0 0 0 0 0 0
   1       5 ram5 0 0 0 0 0 0 0 0 0 0 0
   1       6 ram6 0 0 0 0 0 0 0 0 0 0 0
   1       7 ram7 0 0 0 0 0 0 0 0 0 0 0
   1       8 ram8 0 0 0 0 0 0 0 0 0 0 0
   1       9 ram9 0 0 0 0 0 0 0 0 0 0 0
   1      10 ram10 0 0 0 0 0 0 0 0 0 0 0
   1      11 ram11 0 0 0 0 0 0 0 0 0 0 0
   1      12 ram12 0 0 0 0 0 0 0 0 0 0 0
   1      13 ram13 0 0 0 0 0 0 0 0 0 0 0
   1      14 ram14 0 0 0 0 0 0 0 0 0 0 0
   1      15 ram15 0 0 0 0 0 0 0 0 0 0 0
   7       0 loop0 0 0 0 0 0 0 0 0 0 0 0
   7       1 loop1 0 0 0 0 0 0 0 0 0 0 0
   7       2 loop2 0 0 0 0 0 0 0 0 0 0 0
   7       3 loop3 0 0 0 0 0 0 0 0 0 0 0
   7       4 loop4 0 0 0 0 0 0 0 0 0 0 0
   7       5 loop5 0 0 0 0 0 0 0 0 0 0 0
   7       6 loop6 0 0 0 0 0 0 0 0 0 0 0
   7       7 loop7 0 0 0 0 0 0 0 0 0 0 0
  43       0 nbd0 0 0 0 0 0 0 0 0 0 0 0
  43       1 nbd1 0 0 0 0 0 0 0 0 0 0 0
  43       2 nbd2 0 0 0 0 0 0 0 0 0 0 0
  43       3 nbd3 0 0 0 0 0 0 0 0 0 0 0
  43       4 nbd4 0 0 0 0 0 0 0 0 0 0 0
  43       5 nbd5 0 0 0 0 0 0 0 0 0 0 0
  43       6 nbd6 0 0 0 0 0 0 0 0 0 0 0
  43       7 nbd7 0 0 0 0 0 0 0 0 0 0 0
  43       8 nbd8 0 0 0 0 0 0 0 0 0 0 0
  43       9 nbd9 0 0 0 0 0 0 0 0 0 0 0
  43      10 nbd10 0 0 0 0 0 0 0 0 0 0 0
  43      11 nbd11 0 0 0 0 0 0 0 0 0 0 0
  43      12 nbd12 0 0 0 0 0 0 0 0 0 0 0
  43      13 nbd13 0 0 0 0 0 0 0 0 0 0 0
  43      14 nbd14 0 0 0 0 0 0 0 0 0 0 0
  43      15 nbd15 0 0 0 0 0 0 0 0 0 0 0
   8       0 sda 1543018 57102 26839706 1764468 64766545 37712926 2128755442 20137892 0 2740420 21908860
   8       1 sda1 8005 202 347318 18300 1549946 933740 23236640 160136 0 44316 177952
   8       2 sda2 84 31 920 36 0 0 0 0 0 36 36
   8       3 sda3 1066 574 27330 5496 5768458 7193108 251585616 950488 0 324256 950028
   8       4 sda4 1533773 56295 26463418 1740456 52173014 29586078 1853933186 19020404 0 2408224 20774048
   9       0 md0 0 0 0 0 0 0 0 0 0 0 0
 249       0 dm-0 327 0 2610 884 4453003 0 52028920 535464 0 46540 541364
 249       1 dm-1 1247172 0 9977376 1349560 462858 0 3130592 121260 0 1360948 1470840
 249       2 dm-2 335952 0 16429510 510968 34783774 0 1068234930 27707944 0 1138172 28287400
 249       3 dm-3 335679 0 16427326 513944 34783773 0 1068234922 27727092 0 1133708 28337072
 249       4 dm-4 326 0 2602 372 5268142 0 53120176 394156 0 72072 394532
 249       5 dm-5 334 0 2666 352 10503973 0 119877072 978576 0 89108 978996
 249       6 dm-6 8139 0 275279 9328 4318327 0 166008720 5335304 0 211148 5350092
 249       7 dm-7 8257 0 279831 10700 4470659 0 169307514 7062940 0 311752 7086944
 249      12 dm-12 329 0 2626 316 6129611 0 56380408 1935612 0 63040 1936016
 249      13 dm-13 9196 0 329711 12560 5271383 0 158050163 5160388 0 270288 5185096
 249       9 dm-9 332 0 2650 908 1361108 0 33383384 1884684 0 19032 1885600
 249      10 dm-10 9252 0 347984 16048 188724 0 2106458 239464 0 29372 255512
 249       8 dm-8 336 0 2682 1136 776745 0 38799520 225264 0 7924 226400
 249      11 dm-11 9107 0 360151 11252 212273 0 7472500 292704 0 18436 303976
 249      14 dm-14 328 0 2618 472 309865 0 17195904 574208 0 6912 574684
 249      15 dm-15 10125 0 416847 13076 349451 0 4668909 746248 0 20428 759568